2601.285268
1476.629866
1471.118980
1509.291209
1474.859961
1502.114281
1530.828271
1512.649043
1496.438604
1557.799236
1024.634496
853.574243
883.947254
843.137699
840.598634
871.919124
855.029207
824.991016
845.275475
987.187700
831.334345
847.566841
827.803328
834.064784
847.559533
847.974101
834.561973
844.967573
992.471891
856.404888
836.279020
844.052363
837.399783
854.201018
853.684594
835.044524
854.013801
2592.060845
1440.487874
1440.289754
1461.377371
1440.495380
1441.531491
1461.717179
1461.423143
1440.444667
1461.194326
964.020084
809.240242
832.677043
813.974579
809.495543
833.478047
832.953982
813.912788
833.220520
964.551718
809.854448
833.801552
814.233711
821.553113
836.756414
835.901917
814.423366
873.168957
1028.751478
873.463847
881.340720
876.259639
884.619871
885.723832
881.026200
893.081823
880.651600
2668.994306
1526.354488
1522.146463
1541.615034
1516.441439
1496.591705
1516.302386
1571.280249
1510.762719
1521.968328
1025.196664
845.463334
874.450207
845.314707
855.923580
856.344514
865.509449
874.094943
876.743954
991.531963
833.867401
855.083741
840.144546
830.307794
871.381602
864.917572
858.756624
875.629952
1017.980171
865.402848
858.712374
856.338727
856.117168
862.087566
879.168189
855.639690
879.041185
2631.738922
1442.596933
1441.440942
1467.584342
1444.122878
1445.545296
1464.871193
1467.796235
1444.589588
1466.359076
968.259238
811.163673
834.851191
815.440050
811.059851
835.401962
837.108628
815.687942
835.339375
967.677315
822.889794
833.504199
814.190052
810.082223
834.208698
833.355087
818.408491
837.927361
979.258022
833.439273
833.394153
833.932631
833.368796
834.328021
833.353417
833.882128
834.394829
2545.536766
1440.405810
1439.906328
1461.129542
1440.024454
1439.988116
1461.321105
1461.041839
1439.768273
1461.047561
963.878542
809.415371
832.865545
813.779087
809.368680
833.458783
832.863031
813.673174
833.376669
964.712568
819.491313
837.507940
817.375436
812.717592
838.294110
837.306161
817.234893
838.136722
994.381262
837.045849
833.931506
854.727080
853.634243
849.492457
833.887266
855.012780
852.490145
2544.089716
1440.301525
1440.294267
1461.456638
1440.092842
1439.991578
1461.009130
1461.159637
1440.449332
1461.318681
964.029118
813.910856
836.291154
815.309671
812.262049
837.248215
836.730727
816.649116
837.621955
968.077312
812.637316
837.341238
816.996576
812.515752
837.946304
837.535139
817.161033
838.074199
982.379760
837.140289
837.023818
837.719271
837.427363
838.010786
837.134168
837.132322
837.900567
2554.180275
1444.157145
1445.407919
1465.295399
1442.916875
1444.507441
1465.238245
1464.241895
1442.722425
1467.013468
966.149799
811.286062
834.899699
815.562610
811.860508
837.038633
835.513889
815.598635
835.319039
968.365946
812.289112
835.813145
815.692542
811.423587
836.705383
837.860353
816.032174
836.758973
982.706812
836.610753
837.558685
838.087207
837.553092
836.117805
835.839613
836.249152
836.268302
2565.123502
1467.411944
1443.459155
1464.563004
1443.212494
1443.363893
1464.877214
1464.636110
1443.337005
1467.314163
966.369813
812.402741
834.697286
815.536657
811.274188
838.834422
835.611573
815.430255
835.180023
966.702148
811.154355
836.143047
816.096108
811.271113
838.167392
835.774181
817.085904
836.723963
980.556036
836.691205
835.259079
837.563269
835.388574
836.212118
835.379906
835.866688
838.478394
2551.038008
1443.324542
1442.715170
1468.122925
1445.155050
1443.599027
1464.573522
1464.892238
1444.003637
1465.494757
965.750463
810.969640
834.653050
815.360972
812.326245
835.292556
834.931131
815.685423
835.440470
966.435757
811.657823
835.782959
815.796825
811.432090
836.332224
837.295284
815.639220
836.142036
981.614436
835.557231
835.035578
836.009842
835.436203
837.749256
837.410301
836.085962
837.822108
